# Antineutrino energy spectra in Number of antineutrinos per MeV per fission, 100 keV bins, from 0 to 10 MeV, 
# for the 4 main contributors and for irradiation durations suitable for calculations at PWRs
# or comparisons with the converted antineutrino spectra.
# These spectra have been used to produce the figures 1, 2, 3 and 4 of the present paper of the SM-2018 model.
-----------------------------------------------------------------
N(antineutrino)/MeV/fission
-----------------------------------------------------------------
Energy  U5              U5              Pu9             Pu9             Pu41            Pu41            U8
(MeV)   12h             450d            1.5d            450d            1.5d            450d            450d
----------------------------------------------------------------
0.05    0.201995        0.81461         0.422203        0.796573        0.424938        0.753384        0.806654
0.15    0.575322        1.89852         1.13857         1.89773         1.15246         1.83024         1.93084
0.25    1.05662         2.29509         1.52428         2.22827         1.61253         2.26981         2.35693
0.35    1.60082         2.54886         1.86223         2.46465         2.02473         2.57268         2.67638
0.45    1.97378         2.63066         2.26816         2.64528         2.45266         2.81251         2.83076
0.55    2.01318         2.69104         2.36264         2.74789         2.59095         2.9566          2.96575
0.65    1.98938         2.61623         2.30844         2.64173         2.54777         2.86961         2.89888
0.75    1.96607         2.53747         2.28245         2.48827         2.52662         2.72842         2.77831
0.85    2.02806         2.57727         2.31003         2.50238         2.57483         2.76153         2.83101
0.95    1.98279         2.40176         2.17723         2.31358         2.46281         2.59468         2.69471
1.05    1.91389         2.26936         2.02481         2.1346          2.29588         2.39908         2.55028
1.15    1.86223         2.17254         1.91059         2.0161          2.17052         2.27034         2.4404
1.25    1.76851         1.98367         1.70374         1.79149         1.94669         2.03008         2.23075
1.35    1.65761         1.81715         1.57469         1.64101         1.82435         1.88663         2.07984
1.45    1.62775         1.75215         1.52516         1.58149         1.7725          1.82724         2.03162
1.55    1.58161         1.63733         1.46396         1.49564         1.7132          1.74949         1.94055
1.65    1.51513         1.56309         1.38893         1.41805         1.63713         1.67112         1.86822
1.75    1.43226         1.47289         1.30284         1.32922         1.54563         1.57687         1.77458
1.85    1.3429          1.38072         1.20856         1.23491         1.44412         1.47554         1.6745
1.95    1.25273         1.28361         1.1122          1.13817         1.34181         1.37293         1.57325
2.05    1.18522         1.21426         1.03713         1.06234         1.26021         1.29051         1.50006
2.15    1.0935          1.11763         0.949422        0.973184        1.16722         1.19605         1.40667
2.25    1.0094          1.03146         0.864937        0.88729         1.07544         1.10271         1.31821
2.35    0.936739        0.956964        0.787501        0.808475        0.987678        1.01339         1.23799
2.45    0.872085        0.890563        0.727839        0.746805        0.921126        0.944266        1.16904
2.55    0.820441        0.837115        0.679666        0.697271        0.864123        0.885683        1.11119
2.65    0.762899        0.777519        0.62996         0.646017        0.801808        0.821557        1.04604
2.75    0.719562        0.732015        0.586125        0.600473        0.750865        0.768602        0.993642
2.85    0.677134        0.68719         0.547952        0.560442        0.705781        0.721309        0.94423
2.95    0.629071        0.63477         0.502546        0.511949        0.652678        0.664649        0.886161
3.05    0.594632        0.59524         0.470589        0.47572         0.615078        0.622076        0.840184
3.15    0.560582        0.561115        0.439211        0.443683        0.577726        0.583807        0.798166
3.25    0.519627        0.520083        0.404284        0.408075        0.53642         0.541559        0.749896
3.35    0.484967        0.485342        0.374074        0.377172        0.499987        0.504161        0.706902
3.45    0.443068        0.443363        0.338272        0.340667        0.457404        0.460608        0.656369
3.55    0.407816        0.407865        0.307004        0.307047        0.4195          0.419384        0.610417
3.65    0.372132        0.37216         0.278984        0.279028        0.385933        0.385837        0.567387
3.75    0.34611         0.346135        0.25653         0.256573        0.356798        0.356717        0.531167
3.85    0.320699        0.320721        0.234653        0.234694        0.328566        0.328499        0.496218
3.95    0.293693        0.293713        0.212615        0.212656        0.300822        0.30077         0.460369
4.05    0.263896        0.263913        0.188508        0.188549        0.270242        0.270211        0.420645
4.15    0.241374        0.241389        0.170171        0.170209        0.245706        0.245683        0.388716
4.25    0.217455        0.217468        0.150462        0.150498        0.220912        0.220903        0.356409
4.35    0.198341        0.198352        0.134751        0.134784        0.200201        0.200194        0.328787
4.45    0.178238        0.178247        0.119743        0.119771        0.180372        0.180366        0.300881
4.55    0.158251        0.158257        0.102738        0.10276         0.157712        0.15771         0.27155
4.65    0.142597        0.142602        0.091488        0.0915088       0.141361        0.141361        0.246489
4.75    0.131033        0.131038        0.0833093       0.0833291       0.128638        0.128639        0.226847
4.85    0.120683        0.120687        0.0761328       0.0761516       0.117313        0.117314        0.208935
4.95    0.10974         0.109744        0.0687612       0.0687793       0.106447        0.106451        0.191347
5.05    0.100377        0.100381        0.0625863       0.0626031       0.0963736       0.0963775       0.174983
5.15    0.0912796       0.0912829       0.0566139       0.0566293       0.0867052       0.0867091       0.15923
5.25    0.0822221       0.0822249       0.0507123       0.0507256       0.0774247       0.0774281       0.143548
5.35    0.0722568       0.0722593       0.0438568       0.0438691       0.0677888       0.0677926       0.128339
5.45    0.0647853       0.0647876       0.0390513       0.0390622       0.0601829       0.0601864       0.115165
5.55    0.0582125       0.0582145       0.0346351       0.034645        0.0532444       0.0532476       0.103561
5.65    0.0520204       0.0520222       0.0305301       0.030539        0.0466968       0.0466997       0.0922274
5.75    0.0466234       0.046625        0.027182        0.0271899       0.0414133       0.041416        0.0831037
5.85    0.0418159       0.0418173       0.0243714       0.0243782       0.0368811       0.0368834       0.0749512
5.95    0.0369807       0.0369819       0.0214881       0.021494        0.0322483       0.0322503       0.0669365
6.05    0.032865        0.0328659       0.0190322       0.0190371       0.0284041       0.0284058       0.0600687
6.15    0.0292952       0.029296        0.0168899       0.0168939       0.0252441       0.0252455       0.0539711
6.25    0.0257201       0.0257207       0.0146754       0.0146784       0.0219743       0.0219754       0.0481304
6.35    0.0230048       0.0230052       0.0129962       0.012998        0.0194856       0.0194861       0.0433258
6.45    0.0203948       0.0203948       0.0113041       0.0113043       0.0170722       0.017072        0.038801
6.55    0.0183077       0.0183077       0.0101014       0.0101016       0.0152355       0.0152355       0.0349244
6.65    0.0161734       0.0161734       0.00889934      0.00889955      0.0134404       0.0134405       0.0312314
6.75    0.014329        0.014329        0.00784997      0.00785015      0.0118618       0.0118618       0.0278622
6.85    0.0127193       0.0127193       0.00694215      0.00694232      0.0105185       0.0105185       0.0249408
6.95    0.0110011       0.0110011       0.00601569      0.00601584      0.00909927      0.00909932      0.0217964
7.05    0.00952083      0.00952083      0.00516181      0.00516193      0.00783596      0.00783601      0.0191068
7.15    0.00761159      0.00761159      0.00403838      0.00403848      0.00629632      0.00629636      0.0160393
7.25    0.00663064      0.00663064      0.00348201      0.0034821       0.00544795      0.00544798      0.0141359
7.35    0.00540415      0.00540415      0.00276719      0.00276727      0.00435199      0.00435202      0.0119205
7.45    0.00447216      0.00447216      0.00229293      0.00229299      0.00355862      0.00355865      0.0100826
7.55    0.00375163      0.00375163      0.00192503      0.00192509      0.00303306      0.00303309      0.00869629
7.65    0.00316409      0.00316409      0.0016237       0.00162375      0.00258395      0.00258397      0.00752655
7.75    0.00259961      0.00259961      0.00132222      0.00132226      0.00211776      0.00211778      0.00629344
7.85    0.00211567      0.00211567      0.00107237      0.00107239      0.00174527      0.00174528      0.00529772
7.95    0.00165224      0.00165224      0.000831228     0.000831252     0.00138831      0.00138831      0.00437444
8.05    0.00112955      0.00112955      0.000570804     0.00057082      0.00102987      0.00102987      0.00347723
8.15    0.000532037     0.000532037     0.000306585     0.000306592     0.000656087     0.000656085     0.00253939
8.25    0.000437719     0.000437719     0.000248452     0.000248458     0.000535054     0.000535053     0.00218233
8.35    0.000363362     0.000363362     0.000184632     0.000184637     0.000399224     0.000399224     0.00184939
8.45    0.000283145     0.000283145     0.000107506     0.000107511     0.000235142     0.000235143     0.00149481
8.55    0.000200826     0.000200826     6.60244e-05     6.60281e-05     0.000156689     0.00015669      0.0011828
8.65    0.000175214     0.000175214     5.72613e-05     5.72645e-05     0.000136476     0.000136477     0.00105456
8.75    0.000151641     0.000151641     4.92392e-05     4.9242e-05      0.0001181       0.000118101     0.000932433
8.85    0.000130246     0.000130246     4.19914e-05     4.19938e-05     0.000101635     0.000101636     0.000818305
8.95    0.000100634     0.000100634     2.99896e-05     2.99916e-05     7.58766e-05     7.58772e-05     0.000667809
9.05    7.78115e-05     7.78115e-05     2.36676e-05     2.36691e-05     6.19822e-05     6.19827e-05     0.000558965
9.15    6.58794e-05     6.58794e-05     1.89826e-05     1.89838e-05     4.9688e-05      4.96885e-05     0.000476918
9.25    5.67482e-05     5.67482e-05     1.59292e-05     1.59303e-05     4.16113e-05     4.16117e-05     0.00041133
9.35    4.88573e-05     4.88573e-05     1.3898e-05      1.3899e-05      3.62661e-05     3.62665e-05     0.000357173
9.45    4.15231e-05     4.15231e-05     1.19941e-05     1.19949e-05     3.1294e-05      3.12943e-05     0.000306985
9.55    3.21826e-05     3.21826e-05     9.73616e-06     9.73677e-06     2.55122e-05     2.55124e-05     0.000247957
9.65    2.75283e-05     2.75283e-05     8.39612e-06     8.39664e-06     2.19818e-05     2.1982e-05      0.000214475
9.75    2.32406e-05     2.32406e-05     7.17163e-06     7.17207e-06     1.88285e-05     1.88286e-05     0.000184161
9.85    1.81765e-05     1.81765e-05     5.74442e-06     5.74476e-06     1.52476e-05     1.52477e-05     0.000149808
9.95    1.35216e-05     1.35216e-05     4.32106e-06     4.32131e-06     1.17281e-05     1.17281e-05     0.000119033
10.05   1.22185e-05     1.22185e-05     3.92163e-06     3.92185e-06     1.05497e-05     1.05497e-05     0.000106145
